n_Channels 2

Channel1
{
Left
{
130.0 130.0 130.0 130.0 130.0 130.0 130.0 130.0 130.0 130.0 130.0 130.0 130.0 130.0 130.0 130.0 130.0 130.0 130.0 130.0 130.0 130.0 130.0 130.0 130.0 130.0 130.0 130.0 130.0 130.0 130.0 130.0 130.0 130.0 130.0 130.0 130.0 130.0 130.0 130.0 130.0 130.0 130.0 130.0 130.0 130.0 130.0 130.0 130.0 130.0 130.0 130.0 130.0 130.0 130.0 130.0 130.0 130.0 130.0 130.0 130.0 130.0 130.0 130.0 130.0 130.0 130.0 130.0 130.0 130.0 130.0 130.0 130.0 130.0 130.0 130.0 130.0 130.0 130.0 130.0 130.0 130.0 130.0 130.0 130.0 130.0 130.0 105.0 105.0 105.0 105.0 105.0 105.0 105.0 105.0 105.0 105.0 105.0 105.0 105.0 105.0 105.0 105.0 105.0 105.0 105.0 105.0 105.0 105.0 105.0 105.0 105.0 105.0 105.0 105.0 105.0 105.0 105.0 105.0 105.0 105.0 105.0 105.0 105.0 105.0 105.0 105.0 105.0 105.0 105.0 105.0 105.0 105.0 105.0 105.0 105.0 105.0 105.0 105.0 105.0 105.0 105.0 105.0 105.0 105.0 105.0 105.0 105.0 105.0 105.0 105.0 105.0 105.0 105.0 105.0 105.0 105.0 105.0 105.0 105.0 105.0 105.0 105.0 105.0 105.0 105.0 105.0 105.0 105.0 105.0 105.0 105.0 105.0 105.0 160.0 160.0 160.0 160.0 160.0 160.0 160.0 160.0 160.0 160.0 160.0 160.0 160.0 160.0 160.0 160.0 160.0 160.0 160.0 160.0 160.0 160.0 160.0 160.0 160.0 160.0 160.0 160.0 160.0 160.0 160.0 160.0 160.0 160.0 160.0 160.0 160.0 160.0 160.0 160.0 160.0 160.0 160.0 160.0 160.0 160.0 160.0 160.0 160.0 160.0 160.0 160.0 160.0 160.0 160.0 160.0 160.0 160.0 160.0 160.0 160.0 160.0 160.0 160.0 160.0 160.0 160.0 160.0 160.0 160.0 160.0 160.0 160.0 160.0 160.0 160.0 160.0 160.0 160.0 160.0 160.0 160.0 160.0 160.0 160.0 160.0 160.0 160.0 160.0 160.0 160.0 160.0 160.0 160.0 160.0 160.0 160.0 160.0 160.0 160.0 160.0 160.0 160.0 160.0 160.0 160.0 160.0 160.0 160.0 160.0 160.0 160.0 160.0 160.0 160.0 160.0 160.0 160.0 160.0 160.0 160.0 160.0 160.0 160.0 160.0 160.0 160.0 160.0 160.0 160.0 160.0 160.0 160.0 160.0 160.0 160.0 160.0 160.0 160.0 160.0 160.0 160.0 160.0 160.0 160.0 160.0 160.0 160.0 160.0 160.0 160.0 160.0 160.0 160.0 160.0 160.0 160.0 160.0 160.0 160.0 160.0 160.0 160.0 160.0 160.0 160.0 160.0 160.0 160.0 160.0 160.0 160.0 160.0 160.0 160.0 160.0 160.0 160.0 160.0 160.0 160.0 160.0 160.0 160.0 160.0 160.0 160.0 160.0 160.0 160.0 160.0 160.0 160.0 160.0 160.0 160.0 160.0 160.0 160.0 160.0 160.0 160.0 160.0 160.0 160.0 160.0 160.0 160.0 160.0 160.0 160.0 160.0 160.0 160.0 160.0 160.0 160.0 160.0 160.0 160.0 160.0 160.0 160.0 160.0 160.0 160.0 160.0 160.0 160.0 160.0 160.0 160.0 160.0 160.0 160.0 160.0 160.0 160.0 160.0 160.0 160.0 160.0 160.0 160.0 160.0 160.0 160.0 160.0 160.0 160.0 160.0 160.0 160.0 160.0 160.0 160.0 160.0 160.0 160.0 160.0 160.0 160.0 160.0 160.0 160.0 160.0 160.0 160.0 160.0 160.0 160.0 160.0 160.0 160.0 160.0 160.0 160.0 160.0 160.0 160.0 160.0 160.0 160.0 160.0 
998.0 996.0 994.0 992.0 990.0 988.0 986.0 984.0 982.0 980.0 978.0 976.0 974.0 972.0 970.0 968.0 966.0 964.0 962.0 960.0 958.0 956.0 954.0 952.0 950.0 948.0 946.0 944.0 942.0 940.0 938.0 936.0 934.0 932.0 930.0 928.0 926.0 924.0 922.0 920.0 918.0 916.0 914.0 912.0 910.0 908.0 906.0 904.0 902.0 900.0 898.0 896.0 894.0 892.0 890.0 888.0 886.0 884.0 882.0 880.0 878.0 876.0 874.0 872.0 870.0 868.0 866.0 864.0 862.0 860.0 858.0 856.0 854.0 852.0 850.0 848.0 846.0 844.0 842.0 840.0 838.0 836.0 834.0 832.0 830.0 828.0 826.0 790.368 788.422 786.482 784.546 782.613 780.683 778.755 776.828 774.903 772.978 771.055 769.132 767.21 765.289 763.368 761.448 759.528 757.608 755.688 753.769 751.85 749.932 748.013 746.095 744.176 742.258 740.34 738.422 736.505 734.587 732.67 730.752 728.835 726.918 725.001 723.084 721.167 719.25 717.333 715.416 713.499 711.583 709.666 707.749 705.833 703.916 702.0 700.084 698.167 696.251 694.335 692.419 690.503 688.587 686.671 684.755 682.839 680.923 679.008 677.092 675.177 673.261 671.346 669.431 667.515 665.6 663.685 661.77 659.856 657.941 656.027 654.112 652.198 650.284 648.37 646.457 644.543 642.63 640.718 638.805 636.893 634.982 633.071 631.161 629.251 627.342 625.434 568.0 566.0 564.0 562.0 560.0 558.0 556.0 554.0 552.0 550.0 548.0 546.0 544.0 542.0 540.0 538.0 536.0 534.0 532.0 530.0 528.0 526.0 524.0 522.0 520.0 518.0 516.0 514.0 512.0 510.0 508.0 506.0 504.0 502.0 500.0 498.0 496.0 494.0 492.0 490.0 488.0 486.0 484.0 482.0 480.0 478.0 476.0 474.0 472.0 470.0 468.0 466.0 464.0 462.0 460.0 458.0 456.0 454.0 452.0 450.0 448.0 446.0 444.0 442.0 440.0 438.0 436.0 434.0 432.0 430.0 428.0 426.0 424.0 422.0 420.0 418.0 416.0 414.0 412.0 410.0 408.0 406.0 404.0 402.0 400.0 398.0 396.0 394.0 392.0 390.0 388.0 386.0 384.0 382.0 380.0 378.0 376.0 374.0 372.0 370.0 368.0 366.0 364.0 362.0 360.0 358.0 356.0 354.0 352.0 350.0 348.0 346.0 344.0 342.0 340.0 338.0 336.0 334.0 332.0 330.0 328.0 326.0 324.0 322.0 320.0 318.0 316.0 314.0 312.0 310.0 308.0 306.0 304.0 302.0 300.0 298.0 296.0 294.0 292.0 290.0 288.0 286.0 284.0 282.0 280.0 278.0 276.0 274.0 272.0 270.0 268.0 266.0 264.0 262.0 260.0 258.0 256.0 254.0 252.0 250.0 248.0 246.0 244.0 242.0 240.0 238.0 236.0 234.0 232.0 230.0 228.0 226.0 224.0 222.0 220.0 218.0 216.0 214.0 212.0 210.0 208.0 206.0 204.0 202.0 200.0 198.0 196.0 194.0 192.0 190.0 188.0 186.0 184.0 182.0 180.0 178.0 176.0 174.0 172.0 170.0 168.0 166.0 164.0 162.0 160.0 158.0 156.0 154.0 152.0 150.0 148.0 146.0 144.0 142.0 140.0 138.0 136.0 134.0 132.0 130.0 128.0 126.0 124.0 122.0 120.0 118.0 116.0 114.0 112.0 110.0 108.0 106.0 104.0 102.0 100.0 98.0 96.0 94.0 92.0 90.0 88.0 86.0 84.0 82.0 80.0 78.0 76.0 74.0 72.0 70.0 68.0 66.0 64.0 62.0 60.0 58.0 56.0 54.0 52.0 50.0 48.0 46.0 44.0 42.0 40.0 38.0 36.0 34.0 32.0 30.0 28.0 26.0 24.0 22.0 20.0 18.0 16.0 14.0 12.0 10.0 8.0 6.0 4.0 2.0 
}
Right
{
70.0 70.0 70.0 70.0 70.0 70.0 70.0 70.0 70.0 70.0 70.0 70.0 70.0 70.0 70.0 70.0 70.0 70.0 70.0 70.0 70.0 70.0 70.0 70.0 70.0 70.0 70.0 70.0 70.0 70.0 70.0 70.0 70.0 70.0 70.0 70.0 70.0 70.0 70.0 70.0 70.0 70.0 70.0 70.0 70.0 70.0 70.0 70.0 70.0 70.0 70.0 70.0 70.0 70.0 70.0 70.0 70.0 70.0 70.0 70.0 70.0 70.0 70.0 70.0 70.0 70.0 70.0 70.0 70.0 70.0 70.0 70.0 70.0 70.0 70.0 70.0 70.0 70.0 70.0 70.0 70.0 70.0 70.0 70.0 70.0 70.0 70.0 55.116 54.25 53.465 52.748 52.088 51.477 50.907 50.375 49.876 49.407 48.964 48.546 48.151 47.776 47.421 47.084 46.764 46.46 46.171 45.897 45.636 45.389 45.154 44.931 44.72 44.52 44.331 44.153 43.985 43.827 43.679 43.54 43.411 43.291 43.179 43.077 42.983 42.898 42.821 42.753 42.693 42.641 42.598 42.562 42.535 42.515 42.504 42.5 42.505 42.517 42.538 42.567 42.603 42.648 42.701 42.762 42.832 42.91 42.996 43.091 43.195 43.308 43.43 43.561 43.702 43.852 44.012 44.182 44.363 44.554 44.757 44.971 45.197 45.436 45.687 45.952 46.231 46.525 46.835 47.162 47.507 47.871 48.256 48.663 49.094 49.552 50.04 40.0 40.0 40.0 40.0 40.0 40.0 40.0 40.0 40.0 40.0 40.0 40.0 40.0 40.0 40.0 40.0 40.0 40.0 40.0 40.0 40.0 40.0 40.0 40.0 40.0 40.0 40.0 40.0 40.0 40.0 40.0 40.0 40.0 40.0 40.0 40.0 40.0 40.0 40.0 40.0 40.0 40.0 40.0 40.0 40.0 40.0 40.0 40.0 40.0 40.0 40.0 40.0 40.0 40.0 40.0 40.0 40.0 40.0 40.0 40.0 40.0 40.0 40.0 40.0 40.0 40.0 40.0 40.0 40.0 40.0 40.0 40.0 40.0 40.0 40.0 40.0 40.0 40.0 40.0 40.0 40.0 40.0 40.0 40.0 40.0 40.0 40.0 40.0 40.0 40.0 40.0 40.0 40.0 40.0 40.0 40.0 40.0 40.0 40.0 40.0 40.0 40.0 40.0 40.0 40.0 40.0 40.0 40.0 40.0 40.0 40.0 40.0 40.0 40.0 40.0 40.0 40.0 40.0 40.0 40.0 40.0 40.0 40.0 40.0 40.0 40.0 40.0 40.0 40.0 40.0 40.0 40.0 40.0 40.0 40.0 40.0 40.0 40.0 40.0 40.0 40.0 40.0 40.0 40.0 40.0 40.0 40.0 40.0 40.0 40.0 40.0 40.0 40.0 40.0 40.0 40.0 40.0 40.0 40.0 40.0 40.0 40.0 40.0 40.0 40.0 40.0 40.0 40.0 40.0 40.0 40.0 40.0 40.0 40.0 40.0 40.0 40.0 40.0 40.0 40.0 40.0 40.0 40.0 40.0 40.0 40.0 40.0 40.0 40.0 40.0 40.0 40.0 40.0 40.0 40.0 40.0 40.0 40.0 40.0 40.0 40.0 40.0 40.0 40.0 40.0 40.0 40.0 40.0 40.0 40.0 40.0 40.0 40.0 40.0 40.0 40.0 40.0 40.0 40.0 40.0 40.0 40.0 40.0 40.0 40.0 40.0 40.0 40.0 40.0 40.0 40.0 40.0 40.0 40.0 40.0 40.0 40.0 40.0 40.0 40.0 40.0 40.0 40.0 40.0 40.0 40.0 40.0 40.0 40.0 40.0 40.0 40.0 40.0 40.0 40.0 40.0 40.0 40.0 40.0 40.0 40.0 40.0 40.0 40.0 40.0 40.0 40.0 40.0 40.0 40.0 40.0 40.0 40.0 40.0 40.0 40.0 40.0 40.0 40.0 40.0 40.0 40.0 40.0 40.0 
998.0 996.0 994.0 992.0 990.0 988.0 986.0 984.0 982.0 980.0 978.0 976.0 974.0 972.0 970.0 968.0 966.0 964.0 962.0 960.0 958.0 956.0 954.0 952.0 950.0 948.0 946.0 944.0 942.0 940.0 938.0 936.0 934.0 932.0 930.0 928.0 926.0 924.0 922.0 920.0 918.0 916.0 914.0 912.0 910.0 908.0 906.0 904.0 902.0 900.0 898.0 896.0 894.0 892.0 890.0 888.0 886.0 884.0 882.0 880.0 878.0 876.0 874.0 872.0 870.0 868.0 866.0 864.0 862.0 860.0 858.0 856.0 854.0 852.0 850.0 848.0 846.0 844.0 842.0 840.0 838.0 836.0 834.0 832.0 830.0 828.0 826.0 805.872 803.145 800.497 797.916 795.388 792.905 790.46 788.048 785.665 783.306 780.968 778.649 776.347 774.06 771.787 769.525 767.275 765.034 762.801 760.577 758.361 756.15 753.947 751.748 749.555 747.366 745.182 743.002 740.825 738.652 736.482 734.315 732.15 729.987 727.827 725.668 723.511 721.356 719.202 717.049 714.897 712.746 710.596 708.447 706.298 704.149 702.0 699.851 697.702 695.553 693.404 691.253 689.103 686.951 684.798 682.644 680.489 678.332 676.173 674.013 671.85 669.685 667.518 665.348 663.174 660.998 658.818 656.633 654.445 652.252 650.053 647.849 645.639 643.422 641.198 638.966 636.725 634.474 632.212 629.939 627.652 625.35 623.031 620.693 618.334 615.95 613.537 568.0 566.0 564.0 562.0 560.0 558.0 556.0 554.0 552.0 550.0 548.0 546.0 544.0 542.0 540.0 538.0 536.0 534.0 532.0 530.0 528.0 526.0 524.0 522.0 520.0 518.0 516.0 514.0 512.0 510.0 508.0 506.0 504.0 502.0 500.0 498.0 496.0 494.0 492.0 490.0 488.0 486.0 484.0 482.0 480.0 478.0 476.0 474.0 472.0 470.0 468.0 466.0 464.0 462.0 460.0 458.0 456.0 454.0 452.0 450.0 448.0 446.0 444.0 442.0 440.0 438.0 436.0 434.0 432.0 430.0 428.0 426.0 424.0 422.0 420.0 418.0 416.0 414.0 412.0 410.0 408.0 406.0 404.0 402.0 400.0 398.0 396.0 394.0 392.0 390.0 388.0 386.0 384.0 382.0 380.0 378.0 376.0 374.0 372.0 370.0 368.0 366.0 364.0 362.0 360.0 358.0 356.0 354.0 352.0 350.0 348.0 346.0 344.0 342.0 340.0 338.0 336.0 334.0 332.0 330.0 328.0 326.0 324.0 322.0 320.0 318.0 316.0 314.0 312.0 310.0 308.0 306.0 304.0 302.0 300.0 298.0 296.0 294.0 292.0 290.0 288.0 286.0 284.0 282.0 280.0 278.0 276.0 274.0 272.0 270.0 268.0 266.0 264.0 262.0 260.0 258.0 256.0 254.0 252.0 250.0 248.0 246.0 244.0 242.0 240.0 238.0 236.0 234.0 232.0 230.0 228.0 226.0 224.0 222.0 220.0 218.0 216.0 214.0 212.0 210.0 208.0 206.0 204.0 202.0 200.0 198.0 196.0 194.0 192.0 190.0 188.0 186.0 184.0 182.0 180.0 178.0 176.0 174.0 172.0 170.0 168.0 166.0 164.0 162.0 160.0 158.0 156.0 154.0 152.0 150.0 148.0 146.0 144.0 142.0 140.0 138.0 136.0 134.0 132.0 130.0 128.0 126.0 124.0 122.0 120.0 118.0 116.0 114.0 112.0 110.0 108.0 106.0 104.0 102.0 100.0 98.0 96.0 94.0 92.0 90.0 88.0 86.0 84.0 82.0 80.0 78.0 76.0 74.0 72.0 70.0 68.0 66.0 64.0 62.0 60.0 58.0 56.0 54.0 52.0 50.0 48.0 46.0 44.0 42.0 40.0 38.0 36.0 34.0 32.0 30.0 28.0 26.0 24.0 22.0 20.0 18.0 16.0 14.0 12.0 10.0 8.0 6.0 4.0 2.0 
}
}
Channel2
{
Left
{
130.0 130.0 130.0 130.0 130.0 130.0 130.0 130.0 130.0 130.0 130.0 130.0 130.0 130.0 130.0 130.0 130.0 130.0 130.0 130.0 130.0 130.0 130.0 130.0 130.0 130.0 130.0 130.0 130.0 130.0 130.0 130.0 130.0 130.0 130.0 130.0 130.0 130.0 130.0 130.0 130.0 130.0 130.0 130.0 130.0 130.0 130.0 130.0 130.0 130.0 130.0 130.0 130.0 130.0 130.0 130.0 130.0 130.0 130.0 130.0 130.0 130.0 130.0 130.0 130.0 130.0 130.0 130.0 130.0 130.0 130.0 130.0 130.0 130.0 130.0 130.0 130.0 130.0 130.0 130.0 130.0 130.0 130.0 130.0 130.0 130.0 130.0 154.884 155.75 156.535 157.252 157.912 158.523 159.093 159.625 160.124 160.593 161.036 161.454 161.849 162.224 162.579 162.916 163.236 163.54 163.829 164.103 164.364 164.611 164.846 165.069 165.28 165.48 165.669 165.847 166.015 166.173 166.321 166.46 166.589 166.709 166.821 166.923 167.017 167.102 167.179 167.247 167.307 167.359 167.402 167.438 167.465 167.485 167.496 167.5 167.495 167.483 167.462 167.433 167.397 167.352 167.299 167.238 167.168 167.09 167.004 166.909 166.805 166.692 166.57 166.439 166.298 166.148 165.988 165.818 165.637 165.446 165.243 165.029 164.803 164.564 164.313 164.048 163.769 163.475 163.165 162.838 162.493 162.129 161.744 161.337 160.906 160.448 159.96 160.0 160.0 160.0 160.0 160.0 160.0 160.0 160.0 160.0 160.0 160.0 160.0 160.0 160.0 160.0 160.0 160.0 160.0 160.0 160.0 160.0 160.0 160.0 160.0 160.0 160.0 160.0 160.0 160.0 160.0 160.0 160.0 160.0 160.0 160.0 160.0 160.0 160.0 160.0 160.0 160.0 160.0 160.0 160.0 160.0 160.0 160.0 160.0 160.0 160.0 160.0 160.0 160.0 160.0 160.0 160.0 160.0 160.0 160.0 160.0 160.0 160.0 160.0 160.0 160.0 160.0 160.0 160.0 160.0 160.0 160.0 160.0 160.0 160.0 160.0 160.0 160.0 160.0 160.0 160.0 160.0 160.0 160.0 160.0 160.0 160.0 160.0 160.0 160.0 160.0 160.0 160.0 160.0 160.0 160.0 160.0 160.0 160.0 160.0 160.0 160.0 160.0 160.0 160.0 160.0 160.0 160.0 160.0 160.0 160.0 160.0 160.0 160.0 160.0 160.0 160.0 160.0 160.0 160.0 160.0 160.0 160.0 160.0 160.0 160.0 160.0 160.0 160.0 160.0 160.0 160.0 160.0 160.0 160.0 160.0 160.0 160.0 160.0 160.0 160.0 160.0 160.0 160.0 160.0 160.0 160.0 160.0 160.0 160.0 160.0 160.0 160.0 160.0 160.0 160.0 160.0 160.0 160.0 160.0 160.0 160.0 160.0 160.0 160.0 160.0 160.0 160.0 160.0 160.0 160.0 160.0 160.0 160.0 160.0 160.0 160.0 160.0 160.0 160.0 160.0 160.0 160.0 160.0 160.0 160.0 160.0 160.0 160.0 160.0 160.0 160.0 160.0 160.0 160.0 160.0 160.0 160.0 160.0 160.0 160.0 160.0 160.0 160.0 160.0 160.0 160.0 160.0 160.0 160.0 160.0 160.0 160.0 160.0 160.0 160.0 160.0 160.0 160.0 160.0 160.0 160.0 160.0 160.0 160.0 160.0 160.0 160.0 160.0 160.0 160.0 160.0 160.0 160.0 160.0 160.0 160.0 160.0 160.0 160.0 160.0 160.0 160.0 160.0 160.0 160.0 160.0 160.0 160.0 160.0 160.0 160.0 160.0 160.0 160.0 160.0 160.0 160.0 160.0 160.0 160.0 160.0 160.0 160.0 160.0 160.0 160.0 160.0 160.0 160.0 160.0 160.0 160.0 160.0 160.0 160.0 160.0 160.0 160.0 160.0 160.0 160.0 160.0 160.0 160.0 
998.0 996.0 994.0 992.0 990.0 988.0 986.0 984.0 982.0 980.0 978.0 976.0 974.0 972.0 970.0 968.0 966.0 964.0 962.0 960.0 958.0 956.0 954.0 952.0 950.0 948.0 946.0 944.0 942.0 940.0 938.0 936.0 934.0 932.0 930.0 928.0 926.0 924.0 922.0 920.0 918.0 916.0 914.0 912.0 910.0 908.0 906.0 904.0 902.0 900.0 898.0 896.0 894.0 892.0 890.0 888.0 886.0 884.0 882.0 880.0 878.0 876.0 874.0 872.0 870.0 868.0 866.0 864.0 862.0 860.0 858.0 856.0 854.0 852.0 850.0 848.0 846.0 844.0 842.0 840.0 838.0 836.0 834.0 832.0 830.0 828.0 826.0 805.872 803.145 800.497 797.916 795.388 792.905 790.46 788.048 785.665 783.306 780.968 778.649 776.347 774.06 771.787 769.525 767.275 765.034 762.801 760.577 758.361 756.15 753.947 751.748 749.555 747.366 745.182 743.002 740.825 738.652 736.482 734.315 732.15 729.987 727.827 725.668 723.511 721.356 719.202 717.049 714.897 712.746 710.596 708.447 706.298 704.149 702.0 699.851 697.702 695.553 693.404 691.253 689.103 686.951 684.798 682.644 680.489 678.332 676.173 674.013 671.85 669.685 667.518 665.348 663.174 660.998 658.818 656.633 654.445 652.252 650.053 647.849 645.639 643.422 641.198 638.966 636.725 634.474 632.212 629.939 627.652 625.35 623.031 620.693 618.334 615.95 613.537 568.0 566.0 564.0 562.0 560.0 558.0 556.0 554.0 552.0 550.0 548.0 546.0 544.0 542.0 540.0 538.0 536.0 534.0 532.0 530.0 528.0 526.0 524.0 522.0 520.0 518.0 516.0 514.0 512.0 510.0 508.0 506.0 504.0 502.0 500.0 498.0 496.0 494.0 492.0 490.0 488.0 486.0 484.0 482.0 480.0 478.0 476.0 474.0 472.0 470.0 468.0 466.0 464.0 462.0 460.0 458.0 456.0 454.0 452.0 450.0 448.0 446.0 444.0 442.0 440.0 438.0 436.0 434.0 432.0 430.0 428.0 426.0 424.0 422.0 420.0 418.0 416.0 414.0 412.0 410.0 408.0 406.0 404.0 402.0 400.0 398.0 396.0 394.0 392.0 390.0 388.0 386.0 384.0 382.0 380.0 378.0 376.0 374.0 372.0 370.0 368.0 366.0 364.0 362.0 360.0 358.0 356.0 354.0 352.0 350.0 348.0 346.0 344.0 342.0 340.0 338.0 336.0 334.0 332.0 330.0 328.0 326.0 324.0 322.0 320.0 318.0 316.0 314.0 312.0 310.0 308.0 306.0 304.0 302.0 300.0 298.0 296.0 294.0 292.0 290.0 288.0 286.0 284.0 282.0 280.0 278.0 276.0 274.0 272.0 270.0 268.0 266.0 264.0 262.0 260.0 258.0 256.0 254.0 252.0 250.0 248.0 246.0 244.0 242.0 240.0 238.0 236.0 234.0 232.0 230.0 228.0 226.0 224.0 222.0 220.0 218.0 216.0 214.0 212.0 210.0 208.0 206.0 204.0 202.0 200.0 198.0 196.0 194.0 192.0 190.0 188.0 186.0 184.0 182.0 180.0 178.0 176.0 174.0 172.0 170.0 168.0 166.0 164.0 162.0 160.0 158.0 156.0 154.0 152.0 150.0 148.0 146.0 144.0 142.0 140.0 138.0 136.0 134.0 132.0 130.0 128.0 126.0 124.0 122.0 120.0 118.0 116.0 114.0 112.0 110.0 108.0 106.0 104.0 102.0 100.0 98.0 96.0 94.0 92.0 90.0 88.0 86.0 84.0 82.0 80.0 78.0 76.0 74.0 72.0 70.0 68.0 66.0 64.0 62.0 60.0 58.0 56.0 54.0 52.0 50.0 48.0 46.0 44.0 42.0 40.0 38.0 36.0 34.0 32.0 30.0 28.0 26.0 24.0 22.0 20.0 18.0 16.0 14.0 12.0 10.0 8.0 6.0 4.0 2.0 
}
Right
{
70.0 70.0 70.0 70.0 70.0 70.0 70.0 70.0 70.0 70.0 70.0 70.0 70.0 70.0 70.0 70.0 70.0 70.0 70.0 70.0 70.0 70.0 70.0 70.0 70.0 70.0 70.0 70.0 70.0 70.0 70.0 70.0 70.0 70.0 70.0 70.0 70.0 70.0 70.0 70.0 70.0 70.0 70.0 70.0 70.0 70.0 70.0 70.0 70.0 70.0 70.0 70.0 70.0 70.0 70.0 70.0 70.0 70.0 70.0 70.0 70.0 70.0 70.0 70.0 70.0 70.0 70.0 70.0 70.0 70.0 70.0 70.0 70.0 70.0 70.0 70.0 70.0 70.0 70.0 70.0 70.0 70.0 70.0 70.0 70.0 70.0 70.0 105.0 105.0 105.0 105.0 105.0 105.0 105.0 105.0 105.0 105.0 105.0 105.0 105.0 105.0 105.0 105.0 105.0 105.0 105.0 105.0 105.0 105.0 105.0 105.0 105.0 105.0 105.0 105.0 105.0 105.0 105.0 105.0 105.0 105.0 105.0 105.0 105.0 105.0 105.0 105.0 105.0 105.0 105.0 105.0 105.0 105.0 105.0 105.0 105.0 105.0 105.0 105.0 105.0 105.0 105.0 105.0 105.0 105.0 105.0 105.0 105.0 105.0 105.0 105.0 105.0 105.0 105.0 105.0 105.0 105.0 105.0 105.0 105.0 105.0 105.0 105.0 105.0 105.0 105.0 105.0 105.0 105.0 105.0 105.0 105.0 105.0 105.0 40.0 40.0 40.0 40.0 40.0 40.0 40.0 40.0 40.0 40.0 40.0 40.0 40.0 40.0 40.0 40.0 40.0 40.0 40.0 40.0 40.0 40.0 40.0 40.0 40.0 40.0 40.0 40.0 40.0 40.0 40.0 40.0 40.0 40.0 40.0 40.0 40.0 40.0 40.0 40.0 40.0 40.0 40.0 40.0 40.0 40.0 40.0 40.0 40.0 40.0 40.0 40.0 40.0 40.0 40.0 40.0 40.0 40.0 40.0 40.0 40.0 40.0 40.0 40.0 40.0 40.0 40.0 40.0 40.0 40.0 40.0 40.0 40.0 40.0 40.0 40.0 40.0 40.0 40.0 40.0 40.0 40.0 40.0 40.0 40.0 40.0 40.0 40.0 40.0 40.0 40.0 40.0 40.0 40.0 40.0 40.0 40.0 40.0 40.0 40.0 40.0 40.0 40.0 40.0 40.0 40.0 40.0 40.0 40.0 40.0 40.0 40.0 40.0 40.0 40.0 40.0 40.0 40.0 40.0 40.0 40.0 40.0 40.0 40.0 40.0 40.0 40.0 40.0 40.0 40.0 40.0 40.0 40.0 40.0 40.0 40.0 40.0 40.0 40.0 40.0 40.0 40.0 40.0 40.0 40.0 40.0 40.0 40.0 40.0 40.0 40.0 40.0 40.0 40.0 40.0 40.0 40.0 40.0 40.0 40.0 40.0 40.0 40.0 40.0 40.0 40.0 40.0 40.0 40.0 40.0 40.0 40.0 40.0 40.0 40.0 40.0 40.0 40.0 40.0 40.0 40.0 40.0 40.0 40.0 40.0 40.0 40.0 40.0 40.0 40.0 40.0 40.0 40.0 40.0 40.0 40.0 40.0 40.0 40.0 40.0 40.0 40.0 40.0 40.0 40.0 40.0 40.0 40.0 40.0 40.0 40.0 40.0 40.0 40.0 40.0 40.0 40.0 40.0 40.0 40.0 40.0 40.0 40.0 40.0 40.0 40.0 40.0 40.0 40.0 40.0 40.0 40.0 40.0 40.0 40.0 40.0 40.0 40.0 40.0 40.0 40.0 40.0 40.0 40.0 40.0 40.0 40.0 40.0 40.0 40.0 40.0 40.0 40.0 40.0 40.0 40.0 40.0 40.0 40.0 40.0 40.0 40.0 40.0 40.0 40.0 40.0 40.0 40.0 40.0 40.0 40.0 40.0 40.0 40.0 40.0 40.0 40.0 40.0 40.0 40.0 40.0 40.0 40.0 40.0 
998.0 996.0 994.0 992.0 990.0 988.0 986.0 984.0 982.0 980.0 978.0 976.0 974.0 972.0 970.0 968.0 966.0 964.0 962.0 960.0 958.0 956.0 954.0 952.0 950.0 948.0 946.0 944.0 942.0 940.0 938.0 936.0 934.0 932.0 930.0 928.0 926.0 924.0 922.0 920.0 918.0 916.0 914.0 912.0 910.0 908.0 906.0 904.0 902.0 900.0 898.0 896.0 894.0 892.0 890.0 888.0 886.0 884.0 882.0 880.0 878.0 876.0 874.0 872.0 870.0 868.0 866.0 864.0 862.0 860.0 858.0 856.0 854.0 852.0 850.0 848.0 846.0 844.0 842.0 840.0 838.0 836.0 834.0 832.0 830.0 828.0 826.0 790.368 788.422 786.482 784.546 782.613 780.683 778.755 776.828 774.903 772.978 771.055 769.132 767.21 765.289 763.368 761.448 759.528 757.608 755.688 753.769 751.85 749.932 748.013 746.095 744.176 742.258 740.34 738.422 736.505 734.587 732.67 730.752 728.835 726.918 725.001 723.084 721.167 719.25 717.333 715.416 713.499 711.583 709.666 707.749 705.833 703.916 702.0 700.084 698.167 696.251 694.335 692.419 690.503 688.587 686.671 684.755 682.839 680.923 679.008 677.092 675.177 673.261 671.346 669.431 667.515 665.6 663.685 661.77 659.856 657.941 656.027 654.112 652.198 650.284 648.37 646.457 644.543 642.63 640.718 638.805 636.893 634.982 633.071 631.161 629.251 627.342 625.434 568.0 566.0 564.0 562.0 560.0 558.0 556.0 554.0 552.0 550.0 548.0 546.0 544.0 542.0 540.0 538.0 536.0 534.0 532.0 530.0 528.0 526.0 524.0 522.0 520.0 518.0 516.0 514.0 512.0 510.0 508.0 506.0 504.0 502.0 500.0 498.0 496.0 494.0 492.0 490.0 488.0 486.0 484.0 482.0 480.0 478.0 476.0 474.0 472.0 470.0 468.0 466.0 464.0 462.0 460.0 458.0 456.0 454.0 452.0 450.0 448.0 446.0 444.0 442.0 440.0 438.0 436.0 434.0 432.0 430.0 428.0 426.0 424.0 422.0 420.0 418.0 416.0 414.0 412.0 410.0 408.0 406.0 404.0 402.0 400.0 398.0 396.0 394.0 392.0 390.0 388.0 386.0 384.0 382.0 380.0 378.0 376.0 374.0 372.0 370.0 368.0 366.0 364.0 362.0 360.0 358.0 356.0 354.0 352.0 350.0 348.0 346.0 344.0 342.0 340.0 338.0 336.0 334.0 332.0 330.0 328.0 326.0 324.0 322.0 320.0 318.0 316.0 314.0 312.0 310.0 308.0 306.0 304.0 302.0 300.0 298.0 296.0 294.0 292.0 290.0 288.0 286.0 284.0 282.0 280.0 278.0 276.0 274.0 272.0 270.0 268.0 266.0 264.0 262.0 260.0 258.0 256.0 254.0 252.0 250.0 248.0 246.0 244.0 242.0 240.0 238.0 236.0 234.0 232.0 230.0 228.0 226.0 224.0 222.0 220.0 218.0 216.0 214.0 212.0 210.0 208.0 206.0 204.0 202.0 200.0 198.0 196.0 194.0 192.0 190.0 188.0 186.0 184.0 182.0 180.0 178.0 176.0 174.0 172.0 170.0 168.0 166.0 164.0 162.0 160.0 158.0 156.0 154.0 152.0 150.0 148.0 146.0 144.0 142.0 140.0 138.0 136.0 134.0 132.0 130.0 128.0 126.0 124.0 122.0 120.0 118.0 116.0 114.0 112.0 110.0 108.0 106.0 104.0 102.0 100.0 98.0 96.0 94.0 92.0 90.0 88.0 86.0 84.0 82.0 80.0 78.0 76.0 74.0 72.0 70.0 68.0 66.0 64.0 62.0 60.0 58.0 56.0 54.0 52.0 50.0 48.0 46.0 44.0 42.0 40.0 38.0 36.0 34.0 32.0 30.0 28.0 26.0 24.0 22.0 20.0 18.0 16.0 14.0 12.0 10.0 8.0 6.0 4.0 2.0 
}
}
